0.00000000
12.10663984
12.85282963
0.00000000
0.00000000
0.00000000
0.00000000
0.00000000
0.00000000
0.00000000
11.48798241
0.00000000
12.67137605
12.67155996
12.64919415
12.54400778
0.00000000
0.00000000
0.00000000
0.00000000
0.00000000
0.00000000
10.99271089
0.00000000
0.00000000
0.00000000
11.51992701
0.00000000
0.00000000
0.00000000
11.75380611
0.00000000
0.00000000
0.00000000
0.00000000
0.00000000
0.00000000
0.00000000
12.28021251
12.67201494
11.78044250
0.00000000
11.85740905
0.00000000
0.00000000
12.31566930
0.00000000
0.00000000
12.65257333
12.51467791
0.00000000
12.47081015
0.00000000
0.00000000
0.00000000
0.00000000
11.79426967
0.00000000
0.00000000
0.00000000
0.00000000
0.00000000
12.67191877
12.39614832
0.00000000
11.61653580
0.00000000
0.00000000
0.00000000
12.67191877
12.01220782
0.00000000
12.23660275
0.00000000
0.00000000
0.00000000
0.00000000
0.00000000
0.00000000
0.00000000
0.00000000
0.00000000
11.52203306
0.00000000
0.00000000
11.72731974
0.00000000
12.14716695
0.00000000
11.56836947
0.00000000
0.00000000
0.00000000
0.00000000
12.04713609
0.00000000
0.00000000
0.00000000
12.52950714
0.00000000
13.07848630
12.80670707
0.00000000
11.33504827
0.00000000
12.73693699
0.00000000
0.00000000
12.80714335
0.00000000
11.68776854
0.00000000
0.00000000
0.00000000
12.41208266
12.98891539
12.36833159
11.96928109
0.00000000
0.00000000
0.00000000
12.54556928
0.00000000
0.00000000
12.35771179
0.00000000
0.00000000
12.84793520
12.68031399
13.05546193
0.00000000
0.00000000
11.66994538
13.12666233
13.58697070
12.83621169
13.31994220
12.09942594
0.00000000
0.00000000
12.14213811
0.00000000
12.17886395
0.00000000
0.00000000
0.00000000
0.00000000
0.00000000
11.09033482
0.00000000
0.00000000
11.27993209
0.00000000
0.00000000
0.00000000
12.33771411
0.00000000
0.00000000
0.00000000
12.55169311
13.34306063
12.68107281
0.00000000
11.64559922
0.00000000
12.98954246
12.86823939
0.00000000
0.00000000
12.24503453
0.00000000
0.00000000
0.00000000
0.00000000
11.98178592
0.00000000
0.00000000
0.00000000
0.00000000
0.00000000
0.00000000
0.00000000
0.00000000
0.00000000
0.00000000
0.00000000
0.00000000
0.00000000
11.68704768
12.80707206
12.75344779
12.80757077
11.06138007
0.00000000
0.00000000
13.09596288
0.00000000
0.00000000
0.00000000
0.00000000
0.00000000
13.09543310
13.69804822
13.12814271
0.00000000
0.00000000
11.79504057
0.00000000
13.23538283
12.84511322
0.00000000
12.11140998
0.00000000
12.47097564
12.84513347
0.00000000
