0.93413702
1.40437514
1.00766905
1.07977890
1.01311395
0.45473206
1.06863903
1.10085788
1.09557590
1.20298796
1.60017806
0.63929485
1.06578394
1.07713806
1.13401698
1.23081704
1.08194887
0.54374866
0.78971411
0.89208202
1.17567810
1.17331895
1.76321188
0.79636902
0.76677192
0.84587597
1.60419900
1.06223000
0.93883802
0.76791092
1.49367104
0.84778096
0.88912189
0.84632506
0.76757313
0.47982034
1.09091489
1.09230305
1.33961786
1.08260385
1.49139813
0.61870644
1.51964288
1.11882812
1.11280611
1.33471306
1.11710397
0.60231234
1.08427489
1.23239588
1.19234791
1.25348411
0.98699590
0.75720134
0.73591050
0.98578499
1.53532887
1.20696713
1.12585514
0.92359007
0.57115252
0.82469703
1.06494812
1.29585691
1.15808801
1.55702613
0.78262562
0.88027493
1.00860990
1.06643207
1.41986598
0.96657997
1.35722495
0.99817396
1.05175705
0.96667903
0.96056810
0.49538757
1.18484703
1.07703899
1.03149092
1.18135695
1.58209502
0.89261257
1.02697762
1.55992599
1.15474295
1.40515993
1.21817891
1.56581103
0.67523593
1.02201105
1.18434393
1.20533100
1.43628902
1.12612012
0.79416445
1.05625991
1.24126403
1.14195203
0.92068992
1.01398797
0.89117697
1.66116893
1.21947397
1.10714308
1.14826707
0.93456612
0.99552685
1.06927403
1.55280586
1.04165711
0.90537096
0.51630839
1.27961887
0.93393709
1.30006494
1.46250107
1.14415810
0.87834010
1.05189700
1.22068010
1.14432491
1.18766990
1.30910795
1.12173096
0.97285651
0.99610993
1.12382393
0.93384907
1.09198794
1.03136589
1.55558009
0.87071509
0.50681211
1.03764900
0.74482788
1.40565796
1.12404594
1.21023789
1.40558008
1.15733396
1.37571591
0.98836525
0.73811985
0.82470897
0.90141806
0.95875502
1.72984808
0.96806689
1.00670104
1.67111908
1.16317902
1.14629196
1.19488103
1.29272609
0.99358009
1.13032010
1.04683494
1.21320906
0.74256601
1.11925812
0.93398305
1.57017603
1.13846195
0.94057291
1.01963190
1.08571885
1.06748214
1.36034413
1.12099988
1.07192889
1.06060312
1.00779288
1.46688815
1.20093915
1.02391007
0.97730207
0.97614309
0.67064236
0.37417689
0.47283927
0.77266592
0.85061486
1.04157803
0.88507201
0.83229698
0.95895704
1.54423313
1.00844698
1.07829287
1.01330314
1.74685001
0.98798897
1.05155891
0.87796889
1.08882490
1.14661394
0.83366992
0.94582087
1.07095700
0.88229808
0.44498094
0.87113195
0.65895523
1.06684296
1.52958497
1.15977905
0.79953893
0.99853890
1.02281046
1.41900599
1.19786712
1.25113391
0.99626689
0.95311526
